=== 第10b步：修复身体骨骼权重 ===

bronya_body: 顶点17010

读取原始IFF: F:\大卫李\png6794.iff

原始IFF文件:
  VB: VertexBuffer.0512681b1be177ab.bin  (1119504 B)
  VB: VertexBuffer.aa6c9685105d8f4a.bin  (391744 B)
  VB: VertexBuffer.d5376762989c8976.bin  (293808 B)
  VB: VertexBuffer.4a5f95f175061252.bin  (7896 B)
  MW: MatrixWeightsBuffer.313dc1adc1fb35a9.bin  (157960 B)
  IB: IndexBuffer.c829179a1bc03cf2.bin  (470472 B)

VB配对结果:
  Stream0: VertexBuffer.d5376762989c8976.bin  Stream1: VertexBuffer.aa6c9685105d8f4a.bin  顶点: 24484

原始身体顶点: 24484
  X: -78.05 ~ 78.05
  Y: -103.63 ~ 80.10
  Z: -12.88 ~ 27.47

原始骨骼权重: 19745 顶点
  (需要匹配 24484 顶点)
  ⚠ 数量不匹配！尝试其他VB...
  使用的骨骼索引: [0, 1, 2, 3, 4, 5, 6, 7, 8, 9, 10, 11, 12, 13, 14, 15, 16, 17, 18, 19, 20, 21, 22, 23, 24, 25, 26, 27, 28, 29, 30, 31, 32, 33, 34, 35, 36, 37, 38, 39, 40, 41, 42, 43, 44, 45, 46, 47, 48, 49, 50, 51, 52, 53, 54, 55, 56, 57, 58, 59, 60, 61, 62, 63, 64, 65, 66, 67, 68, 69, 70, 71, 72, 73, 74, 75, 76, 77, 78, 79, 80, 81, 82, 83, 84, 85, 86, 87, 88, 89, 90, 91, 92, 93, 94, 95, 96, 97, 98, 99, 100, 101, 102, 103, 104, 105, 106, 107, 108, 109, 110, 111, 112, 113, 114, 115, 116, 117, 118, 119, 120, 121, 122, 123, 124, 125, 126, 127, 128, 129, 130, 131, 132, 133, 134, 135, 136, 137, 138, 139, 140, 141, 142, 143, 144, 145, 146, 147, 148, 149, 150, 151, 152, 153, 154, 155, 156, 157, 158, 159, 160, 161, 162, 163, 164, 165, 166, 167, 168, 169, 170, 171, 172, 173, 174, 175, 176, 177, 178, 179, 180, 181, 182, 183, 184, 185, 186, 187, 188, 189, 190, 191, 192, 193, 194, 195, 196, 197, 198, 199, 200, 201, 202, 203, 204, 205, 206, 207, 208, 209, 210, 211, 212, 213, 214, 215, 216, 217, 218, 219, 220, 221, 222, 223, 224, 225, 226, 227, 228, 229, 230, 231, 232, 233, 234, 235, 236, 237, 238, 239, 240, 241, 242, 243, 244, 245, 246, 247, 248, 249, 250, 251, 252, 253, 254, 255]
  骨骼数: 256

✔ KD-Tree 建立完成 (24484 点)

bronya_body 展开: 顶点45000  面15000
✔ 权重映射完成，平均距离: 4.9435

Stream0: 540000 B  Stream1: 720000 B
Index: 90000 B  Weights: 360000 B

读取IFF: F:\大卫李\sakura_output\png6794.iff
✔ 替换 Stream1: VertexBuffer.0512681b1be177ab.bin
✔ 替换 Stream0: VertexBuffer.aa6c9685105d8f4a.bin
✔ 替换 IndexBuffer
✔ 替换 MatrixWeights

✔ 输出: F:\大卫李\sakura_output\png6794.iff
  顶点: 45000  面: 15000
  骨骼: 256 个 (索引: [0, 1, 2, 3, 4, 5, 6, 7, 8, 9, 10, 11, 12, 13, 14, 15, 16, 17, 18, 19, 20, 21, 22, 23, 24, 25, 26, 27, 28, 29, 30, 31, 32, 33, 34, 35, 36, 37, 38, 39, 40, 41, 42, 43, 44, 45, 46, 47, 48, 49, 50, 51, 52, 53, 54, 55, 56, 57, 58, 59, 60, 61, 62, 63, 64, 65, 66, 67, 68, 69, 70, 71, 72, 73, 74, 75, 76, 77, 78, 79, 80, 81, 82, 83, 84, 85, 86, 87, 88, 89, 90, 91, 92, 93, 94, 95, 96, 97, 98, 99, 100, 101, 102, 103, 104, 105, 106, 107, 108, 109, 110, 111, 112, 113, 114, 115, 116, 117, 118, 119, 120, 121, 122, 123, 124, 125, 126, 127, 128, 129, 130, 131, 132, 133, 134, 135, 136, 137, 138, 139, 140, 141, 142, 143, 144, 145, 146, 147, 148, 149, 150, 151, 152, 153, 154, 155, 156, 157, 158, 159, 160, 161, 162, 163, 164, 165, 166, 167, 168, 169, 170, 171, 172, 173, 174, 175, 176, 177, 178, 179, 180, 181, 182, 183, 184, 185, 186, 187, 188, 189, 190, 191, 192, 193, 194, 195, 196, 197, 198, 199, 200, 201, 202, 203, 204, 205, 206, 207, 208, 209, 210, 211, 212, 213, 214, 215, 216, 217, 218, 219, 220, 221, 222, 223, 224, 225, 226, 227, 228, 229, 230, 231, 232, 233, 234, 235, 236, 237, 238, 239, 240, 241, 242, 243, 244, 245, 246, 247, 248, 249, 250, 251, 252, 253, 254, 255])
  平均映射距离: 4.9435

✔ step10b 执行成功！骨骼权重已从原始IFF映射